t,position,setpoint,error,psi,torque,Ec
0.0,0.0,1.0,1.0,0.0002,0.03,150.1492
0.01,5e-06,1.0,0.999996,0.002199,0.3335,151.6486
0.02,1.1e-05,1.0,0.99999,0.004196,0.6426,153.1476
0.03,1.7e-05,1.0,0.999983,0.006191,0.9574,154.6466
0.04,2.4e-05,1.0,0.999977,0.008184,1.2778,156.1455
0.05,3e-05,1.0,0.99997,0.010174,1.6039,157.6444
0.06,3.7e-05,1.0,0.999964,0.012163,1.9357,159.1433
0.07,4.4e-05,1.0,0.999957,0.01415,2.2731,160.6421
0.08,5.1e-05,1.0,0.99995,0.016135,2.6161,162.1408
0.09,5.8e-05,1.0,0.999943,0.018118,2.9648,163.6395
0.1,6.5e-05,1.0,0.999936,0.020099,3.3161,164.9881
0.11,7.2e-05,1.0,0.999929,0.022078,3.6425,164.9869
0.12,7.8e-05,1.0,0.999923,0.024054,3.9686,164.9857
0.13,8.5e-05,1.0,0.999916,0.026029,4.2944,164.9845
0.14,9.1e-05,1.0,0.999909,0.028002,4.6199,164.9833
0.15,9.8e-05,1.0,0.999903,0.029973,4.945,164.9821
0.16,0.000105,1.0,0.999896,0.031942,5.2698,164.981
0.17,0.000111,1.0,0.99989,0.033909,5.5943,164.9798
0.18,0.000118,1.0,0.999883,0.035874,5.9185,164.9786
0.19,0.000124,1.0,0.999876,0.037837,6.2423,164.9774
0.2,0.000131,1.0,0.99987,0.039798,6.5657,164.9762
0.21,0.000137,1.0,0.999863,0.041757,6.8889,164.975
0.22,0.000144,1.0,0.999857,0.043714,7.2117,164.9739
0.23,0.00015,1.0,0.99985,0.045669,7.5342,164.9727
0.24,0.000157,1.0,0.999844,0.047623,7.8564,164.9715
0.25,0.000163,1.0,0.999837,0.049574,8.1782,164.9703
0.26,0.00017,1.0,0.999831,0.051523,8.4997,164.9692
0.27,0.000176,1.0,0.999824,0.05347,8.8209,164.968
0.28,0.000183,1.0,0.999818,0.055415,9.1417,164.9668
0.29,0.000189,1.0,0.999811,0.057359,9.4622,164.9656
0.3,0.000196,1.0,0.999805,0.0593,9.7824,164.9645
0.31,0.000202,1.0,0.999798,0.06124,10.1023,164.9633
0.32,0.000209,1.0,0.999792,0.063177,10.4218,164.9621
0.33,0.000215,1.0,0.999785,0.065113,10.741,164.961
0.34,0.000222,1.0,0.999779,0.067046,11.0599,164.9598
0.35000000000000003,0.000228,1.0,0.999772,0.068978,11.3785,164.9587
0.36,0.000235,1.0,0.999766,0.070908,11.6967,164.9575
0.37,0.000241,1.0,0.999759,0.072835,12.0146,164.9563
0.38,0.000248,1.0,0.999753,0.074761,12.3322,164.9552
0.39,0.000254,1.0,0.999747,0.076685,12.6495,164.954
0.4,0.000261,1.0,0.99974,0.078607,12.9664,164.9529
0.41000000000000003,0.000267,1.0,0.999734,0.080527,13.283,164.9517
0.42,0.000273,1.0,0.999727,0.082445,13.5993,164.9505
0.43,0.00028,1.0,0.999721,0.084361,13.9153,164.9494
0.44,0.000286,1.0,0.999714,0.086275,14.231,164.9482
0.45,0.000293,1.0,0.999708,0.088188,14.5463,164.9471
0.46,0.000299,1.0,0.999702,0.090098,14.8613,164.9459
0.47000000000000003,0.000305,1.0,0.999695,0.092006,15.176,164.9448
0.48,0.000312,1.0,0.999689,0.093913,15.4903,164.9436
0.49,0.000318,1.0,0.999683,0.095818,15.8044,164.9425
0.5,0.000324,1.0,0.999676,0.09772,16.1181,164.9413
0.51,0.000331,1.0,0.99967,0.099621,16.4315,164.9402
0.52,0.000337,1.0,0.999664,0.10152,16.7446,164.9391
0.53,0.000343,1.0,0.999657,0.103417,17.0573,164.9379
0.54,0.00035,1.0,0.999651,0.105312,17.3698,164.9368
0.55,0.000356,1.0,0.999645,0.107205,17.6819,164.9356
0.56,0.000362,1.0,0.999638,0.109096,17.9937,164.9345
0.5700000000000001,0.000369,1.0,0.999632,0.110985,18.3052,164.9334
0.58,0.000375,1.0,0.999626,0.112873,18.6164,164.9322
0.59,0.000381,1.0,0.999619,0.114758,18.9272,164.9311
0.6,0.000388,1.0,0.999613,0.116642,19.2378,164.93
0.61,0.000394,1.0,0.999607,0.118524,19.548,164.9288
0.62,0.0004,1.0,0.9996,0.120404,19.8579,164.9277
0.63,0.000407,1.0,0.999594,0.122282,20.1675,164.9266
0.64,0.000413,1.0,0.999588,0.124158,20.4767,164.9254
0.65,0.000419,1.0,0.999582,0.126032,20.7857,164.9243
0.66,0.000425,1.0,0.999575,0.127904,21.0943,164.9232
0.67,0.000432,1.0,0.999569,0.129774,21.4027,164.9221
0.68,0.000438,1.0,0.999563,0.131643,21.7107,164.9209
0.6900000000000001,0.000444,1.0,0.999557,0.13351,22.0184,164.9198
0.7000000000000001,0.00045,1.0,0.99955,0.135374,22.3258,164.9187
0.71,0.000456,1.0,0.999544,0.137237,22.6328,164.9176
0.72,0.000463,1.0,0.999538,0.139098,22.9396,164.9164
0.73,0.000469,1.0,0.999532,0.140957,23.246,164.9153
0.74,0.000475,1.0,0.999525,0.142815,23.5522,164.9142
0.75,0.000481,1.0,0.999519,0.14467,23.858,164.9131
0.76,0.000488,1.0,0.999513,0.146524,24.1635,164.912
0.77,0.000494,1.0,0.999507,0.148375,24.4687,164.9109
0.78,0.0005,1.0,0.999501,0.150225,24.7736,164.9098
0.79,0.000506,1.0,0.999495,0.152073,25.0781,164.9086
0.8,0.000512,1.0,0.999488,0.153919,25.3824,164.9075
0.81,0.000518,1.0,0.999482,0.155763,25.6864,164.9064
0.8200000000000001,0.000525,1.0,0.999476,0.157606,25.99,164.9053
0.8300000000000001,0.000531,1.0,0.99947,0.159446,26.2933,164.9042
0.84,0.000537,1.0,0.999464,0.161285,26.5964,164.9031
0.85,0.000543,1.0,0.999458,0.163122,26.8991,164.902
0.86,0.000549,1.0,0.999452,0.164957,27.2015,164.9009
0.87,0.000555,1.0,0.999445,0.16679,27.5036,164.8998
0.88,0.000561,1.0,0.999439,0.168621,27.8054,164.8987
0.89,0.000567,1.0,0.999433,0.17045,28.1069,164.8976
0.9,0.000574,1.0,0.999427,0.172278,28.408,164.8965
0.91,0.00058,1.0,0.999421,0.174104,28.7089,164.8954
0.92,0.000586,1.0,0.999415,0.175928,29.0095,164.8943
0.93,0.000592,1.0,0.999409,0.17775,29.3097,164.8932
0.9400000000000001,0.000598,1.0,0.999403,0.17957,29.6097,164.8921
0.9500000000000001,0.000604,1.0,0.999397,0.181388,29.9093,164.891
0.96,0.00061,1.0,0.999391,0.183205,30.2086,164.8899
0.97,0.000616,1.0,0.999384,0.18502,30.5077,164.8888
0.98,0.000622,1.0,0.999378,0.186833,30.8064,164.8877
0.99,0.000628,1.0,0.999372,0.188644,31.1048,164.8866
1.0,0.000634,-1.0,-1.000634,0.190053,31.3768,165.0948
1.01,0.000631,-1.0,-1.000632,0.187863,31.0154,165.0964
1.02,0.000624,-1.0,-1.000624,0.185675,30.6543,165.097
1.03,0.000616,-1.0,-1.000617,0.183489,30.2935,165.0976
1.04,0.000609,-1.0,-1.00061,0.181305,29.9331,165.0982
1.05,0.000602,-1.0,-1.000603,0.179123,29.573,165.0988
1.06,0.000595,-1.0,-1.000595,0.176944,29.2133,165.0994
1.07,0.000587,-1.0,-1.000588,0.174767,28.854,165.1
1.08,0.00058,-1.0,-1.000581,0.172592,28.495,165.1006
1.09,0.000573,-1.0,-1.000573,0.170419,28.1364,165.1012
1.1,0.000565,-1.0,-1.000566,0.168249,27.7781,165.1016
1.11,0.000558,-1.0,-1.000559,0.16608,27.4199,165.1003
1.12,0.000551,-1.0,-1.000552,0.163914,27.062,165.099
1.1300000000000001,0.000544,-1.0,-1.000544,0.16175,26.7045,165.0977
1.1400000000000001,0.000536,-1.0,-1.000537,0.159588,26.3474,165.0964
1.1500000000000001,0.000529,-1.0,-1.00053,0.157428,25.9906,165.0951
1.16,0.000522,-1.0,-1.000523,0.155271,25.6343,165.0938
1.17,0.000515,-1.0,-1.000515,0.153116,25.2782,165.0925
1.18,0.000508,-1.0,-1.000508,0.150962,24.9226,165.0912
1.19,0.0005,-1.0,-1.000501,0.148811,24.5672,165.0899
1.2,0.000493,-1.0,-1.000494,0.146663,24.2123,165.0886
1.21,0.000486,-1.0,-1.000487,0.144516,23.8577,165.0873
1.22,0.000479,-1.0,-1.000479,0.142371,23.5035,165.086
1.23,0.000472,-1.0,-1.000472,0.140229,23.1497,165.0847
1.24,0.000464,-1.0,-1.000465,0.138089,22.7962,165.0834
1.25,0.000457,-1.0,-1.000458,0.135951,22.443,165.0821
1.26,0.00045,-1.0,-1.000451,0.133815,22.0903,165.0808
1.27,0.000443,-1.0,-1.000444,0.131681,21.7379,165.0796
1.28,0.000436,-1.0,-1.000437,0.129549,21.3858,165.0783
1.29,0.000429,-1.0,-1.000429,0.12742,21.0341,165.077
1.3,0.000422,-1.0,-1.000422,0.125293,20.6828,165.0757
1.31,0.000414,-1.0,-1.000415,0.123168,20.3318,165.0744
1.32,0.000407,-1.0,-1.000408,0.121044,19.9812,165.0731
1.33,0.0004,-1.0,-1.000401,0.118924,19.6309,165.0719
1.34,0.000393,-1.0,-1.000394,0.116805,19.281,165.0706
1.35,0.000386,-1.0,-1.000387,0.114688,18.9315,165.0693
1.36,0.000379,-1.0,-1.00038,0.112574,18.5823,165.068
1.37,0.000372,-1.0,-1.000373,0.110461,18.2335,165.0668
1.3800000000000001,0.000365,-1.0,-1.000366,0.108351,17.885,165.0655
1.3900000000000001,0.000358,-1.0,-1.000359,0.106243,17.5369,165.0642
1.4000000000000001,0.000351,-1.0,-1.000351,0.104137,17.1891,165.0629
1.41,0.000344,-1.0,-1.000344,0.102033,16.8417,165.0617
1.42,0.000337,-1.0,-1.000337,0.099931,16.4947,165.0604
1.43,0.00033,-1.0,-1.00033,0.097832,16.148,165.0591
1.44,0.000323,-1.0,-1.000323,0.095734,15.8017,165.0579
1.45,0.000316,-1.0,-1.000316,0.093639,15.4557,165.0566
1.46,0.000309,-1.0,-1.000309,0.091545,15.11,165.0554
1.47,0.000302,-1.0,-1.000302,0.089454,14.7648,165.0541
1.48,0.000295,-1.0,-1.000295,0.087365,14.4198,165.0528
1.49,0.000288,-1.0,-1.000288,0.085278,14.0753,165.0516
1.5,0.000281,-1.0,-1.000281,0.083193,13.731,165.0503
1.51,0.000274,-1.0,-1.000274,0.08111,13.3872,165.0491
1.52,0.000267,-1.0,-1.000267,0.07903,13.0437,165.0478
1.53,0.00026,-1.0,-1.00026,0.076951,12.7005,165.0466
1.54,0.000253,-1.0,-1.000254,0.074874,12.3577,165.0453
1.55,0.000246,-1.0,-1.000247,0.0728,12.0152,165.0441
1.56,0.000239,-1.0,-1.00024,0.070728,11.6731,165.0428
1.57,0.000232,-1.0,-1.000233,0.068657,11.3313,165.0416
1.58,0.000225,-1.0,-1.000226,0.066589,10.9899,165.0403
1.59,0.000218,-1.0,-1.000219,0.064523,10.6488,165.0391
1.6,0.000211,-1.0,-1.000212,0.062459,10.3081,165.0378
1.61,0.000204,-1.0,-1.000205,0.060397,9.9677,165.0366
1.62,0.000197,-1.0,-1.000198,0.058337,9.6277,165.0353
1.6300000000000001,0.000191,-1.0,-1.000191,0.056279,9.288,165.0341
1.6400000000000001,0.000184,-1.0,-1.000184,0.054224,8.9487,165.0329
1.6500000000000001,0.000177,-1.0,-1.000178,0.05217,8.6097,165.0316
1.6600000000000001,0.00017,-1.0,-1.000171,0.050118,8.2711,165.0304
1.67,0.000163,-1.0,-1.000164,0.048069,7.9328,165.0292
1.68,0.000156,-1.0,-1.000157,0.046021,7.5948,165.0279
1.69,0.000149,-1.0,-1.00015,0.043976,7.2572,165.0267
1.7,0.000143,-1.0,-1.000143,0.041933,6.92,165.0255
1.71,0.000136,-1.0,-1.000136,0.039891,6.583,165.0242
1.72,0.000129,-1.0,-1.00013,0.037852,6.2465,165.023
1.73,0.000122,-1.0,-1.000123,0.035815,5.9102,165.0218
1.74,0.000115,-1.0,-1.000116,0.03378,5.5744,165.0205
1.75,0.000109,-1.0,-1.000109,0.031747,5.2388,165.0193
1.76,0.000102,-1.0,-1.000102,0.029716,4.9036,165.0181
1.77,9.5e-05,-1.0,-1.000096,0.027687,4.5688,165.0169
1.78,8.8e-05,-1.0,-1.000089,0.02566,4.2343,165.0156
1.79,8.1e-05,-1.0,-1.000082,0.023635,3.9001,165.0144
1.8,7.5e-05,-1.0,-1.000075,0.021612,3.5663,165.0132
1.81,6.8e-05,-1.0,-1.000069,0.019591,3.2328,165.012
1.82,6.1e-05,-1.0,-1.000062,0.017572,2.8996,165.0108
1.83,5.4e-05,-1.0,-1.000055,0.015556,2.5668,165.0096
1.84,4.8e-05,-1.0,-1.000048,0.013541,2.2343,165.0083
1.85,4.1e-05,-1.0,-1.000042,0.011528,1.9022,165.0071
1.86,3.4e-05,-1.0,-1.000035,0.009517,1.5704,165.0059
1.87,2.7e-05,-1.0,-1.000028,0.007509,1.239,165.0047
1.8800000000000001,2.1e-05,-1.0,-1.000021,0.005502,0.9078,165.0035
1.8900000000000001,1.4e-05,-1.0,-1.000015,0.003497,0.5771,165.0023
1.9000000000000001,7e-06,-1.0,-1.000008,0.001495,0.2466,165.0011
1.9100000000000001,1e-06,-1.0,-1.000001,-0.000506,-0.0835,164.9999
1.92,-6e-06,-1.0,-0.999995,-0.002504,-0.4132,164.9987
1.93,-1.3e-05,-1.0,-0.999988,-0.004501,-0.7427,164.9975
1.94,-1.9e-05,-1.0,-0.999981,-0.006496,-1.0717,164.9963
1.95,-2.6e-05,-1.0,-0.999975,-0.008488,-1.4005,164.9951
1.96,-3.3e-05,-1.0,-0.999968,-0.010479,-1.7289,164.9939
1.97,-3.9e-05,-1.0,-0.999961,-0.012467,-2.057,164.9927
1.98,-4.6e-05,-1.0,-0.999955,-0.014454,-2.3848,164.9915
1.99,-5.3e-05,-1.0,-0.999948,-0.016438,-2.7122,164.9903
2.0,-5.9e-05,1.0,1.000059,-0.018021,-2.9736,165.0085
2.0100000000000002,-5.6e-05,1.0,1.000057,-0.016004,-2.6407,165.0082
2.02,-4.9e-05,1.0,1.00005,-0.013989,-2.3082,165.0072
2.0300000000000002,-4.2e-05,1.0,1.000043,-0.011975,-1.976,165.0061
2.04,-3.6e-05,1.0,1.000036,-0.009964,-1.6441,165.0051
2.05,-2.9e-05,1.0,1.00003,-0.007955,-1.3126,165.0041
2.06,-2.2e-05,1.0,1.000023,-0.005948,-0.9814,165.0031
2.07,-1.6e-05,1.0,1.000016,-0.003943,-0.6506,165.002
2.08,-9e-06,1.0,1.000009,-0.00194,-0.3201,165.001
2.09,-2e-06,1.0,1.000003,6.1e-05,0.0101,165.0
2.1,5e-06,1.0,0.999996,0.00206,0.3399,164.9989
2.11,1.1e-05,1.0,0.999989,0.004057,0.6694,164.9977
2.12,1.8e-05,1.0,0.999983,0.006052,0.9986,164.9965
2.13,2.5e-05,1.0,0.999976,0.008045,1.3274,164.9953
2.14,3.1e-05,1.0,0.999969,0.010036,1.6559,164.9941
2.15,3.8e-05,1.0,0.999963,0.012025,1.9841,164.9929
2.16,4.5e-05,1.0,0.999956,0.014012,2.3119,164.9917
2.17,5.1e-05,1.0,0.999949,0.015997,2.6394,164.9906
2.18,5.8e-05,1.0,0.999943,0.01798,2.9666,164.9894
2.19,6.4e-05,1.0,0.999936,0.019961,3.2934,164.9882
2.2,7.1e-05,1.0,0.99993,0.02194,3.6199,164.987
2.21,7.8e-05,1.0,0.999923,0.023917,3.946,164.9858
2.22,8.4e-05,1.0,0.999916,0.025892,4.2718,164.9846
2.23,9.1e-05,1.0,0.99991,0.027865,4.5973,164.9834
2.24,9.7e-05,1.0,0.999903,0.029837,4.9225,164.9822
2.25,0.000104,1.0,0.999897,0.031806,5.2473,164.981
2.2600000000000002,0.000111,1.0,0.99989,0.033773,5.5718,164.9798
2.27,0.000117,1.0,0.999883,0.035738,5.896,164.9787
2.2800000000000002,0.000124,1.0,0.999877,0.037701,6.2198,164.9775
2.29,0.00013,1.0,0.99987,0.039662,6.5433,164.9763
2.3000000000000003,0.000137,1.0,0.999864,0.041621,6.8665,164.9751
2.31,0.000143,1.0,0.999857,0.043579,7.1893,164.9739
2.32,0.00015,1.0,0.999851,0.045534,7.5118,164.9728
2.33,0.000156,1.0,0.999844,0.047487,7.834,164.9716
2.34,0.000163,1.0,0.999838,0.049438,8.1559,164.9704
2.35,0.00017,1.0,0.999831,0.051388,8.4774,164.9692
2.36,0.000176,1.0,0.999825,0.053335,8.7986,164.9681
2.37,0.000183,1.0,0.999818,0.055281,9.1195,164.9669
2.38,0.000189,1.0,0.999812,0.057224,9.44,164.9657
2.39,0.000196,1.0,0.999805,0.059166,9.7602,164.9646
2.4,0.000202,1.0,0.999799,0.061105,10.0801,164.9634
2.41,0.000209,1.0,0.999792,0.063043,10.3997,164.9622
2.42,0.000215,1.0,0.999786,0.064978,10.7189,164.9611
2.43,0.000221,1.0,0.999779,0.066912,11.0378,164.9599
2.44,0.000228,1.0,0.999773,0.068844,11.3564,164.9587
2.45,0.000234,1.0,0.999766,0.070774,11.6747,164.9576
2.46,0.000241,1.0,0.99976,0.072702,11.9926,164.9564
2.47,0.000247,1.0,0.999753,0.074628,12.3102,164.9552
2.48,0.000254,1.0,0.999747,0.076552,12.6275,164.9541
2.49,0.00026,1.0,0.999741,0.078474,12.9444,164.9529
2.5,0.000267,1.0,0.999734,0.080394,13.2611,164.9518
2.5100000000000002,0.000273,1.0,0.999728,0.082312,13.5774,164.9506
2.52,0.000279,1.0,0.999721,0.084228,13.8934,164.9495
2.5300000000000002,0.000286,1.0,0.999715,0.086143,14.2091,164.9483
2.54,0.000292,1.0,0.999709,0.088055,14.5244,164.9472
2.5500000000000003,0.000299,1.0,0.999702,0.089965,14.8394,164.946
2.56,0.000305,1.0,0.999696,0.091874,15.1542,164.9449
2.57,0.000311,1.0,0.999689,0.093781,15.4685,164.9437
2.58,0.000318,1.0,0.999683,0.095685,15.7826,164.9426
2.59,0.000324,1.0,0.999677,0.097588,16.0963,164.9414
2.6,0.00033,1.0,0.99967,0.099489,16.4098,164.9403
2.61,0.000337,1.0,0.999664,0.101388,16.7229,164.9391
2.62,0.000343,1.0,0.999658,0.103285,17.0357,164.938
2.63,0.000349,1.0,0.999651,0.10518,17.3481,164.9369
2.64,0.000356,1.0,0.999645,0.107074,17.6603,164.9357
2.65,0.000362,1.0,0.999639,0.108965,17.9721,164.9346
2.66,0.000368,1.0,0.999632,0.110854,18.2836,164.9334
2.67,0.000375,1.0,0.999626,0.112742,18.5948,164.9323
2.68,0.000381,1.0,0.99962,0.114628,18.9057,164.9312
2.69,0.000387,1.0,0.999613,0.116511,19.2162,164.93
2.7,0.000394,1.0,0.999607,0.118393,19.5265,164.9289
2.71,0.0004,1.0,0.999601,0.120273,19.8364,164.9278
2.72,0.000406,1.0,0.999595,0.122151,20.146,164.9266
2.73,0.000412,1.0,0.999588,0.124028,20.4553,164.9255
2.74,0.000419,1.0,0.999582,0.125902,20.7643,164.9244
2.75,0.000425,1.0,0.999576,0.127774,21.0729,164.9233
2.7600000000000002,0.000431,1.0,0.99957,0.129645,21.3813,164.9221
2.77,0.000437,1.0,0.999563,0.131513,21.6893,164.921
2.7800000000000002,0.000444,1.0,0.999557,0.13338,21.997,164.9199
2.79,0.00045,1.0,0.999551,0.135245,22.3044,164.9188
2.8000000000000003,0.000456,1.0,0.999545,0.137108,22.6115,164.9176
2.81,0.000462,1.0,0.999538,0.138969,22.9183,164.9165
2.82,0.000468,1.0,0.999532,0.140828,23.2248,164.9154
2.83,0.000475,1.0,0.999526,0.142686,23.5309,164.9143
2.84,0.000481,1.0,0.99952,0.144541,23.8368,164.9132
2.85,0.000487,1.0,0.999514,0.146395,24.1423,164.9121
2.86,0.000493,1.0,0.999507,0.148247,24.4475,164.9109
2.87,0.000499,1.0,0.999501,0.150097,24.7524,164.9098
2.88,0.000506,1.0,0.999495,0.151945,25.057,164.9087
2.89,0.000512,1.0,0.999489,0.153791,25.3613,164.9076
2.9,0.000518,1.0,0.999483,0.155635,25.6653,164.9065
2.91,0.000524,1.0,0.999477,0.157478,25.9689,164.9054
2.92,0.00053,1.0,0.99947,0.159319,26.2723,164.9043
2.93,0.000536,1.0,0.999464,0.161157,26.5754,164.9032
2.94,0.000543,1.0,0.999458,0.162994,26.8781,164.9021
2.95,0.000549,1.0,0.999452,0.164829,27.1805,164.901
2.96,0.000555,1.0,0.999446,0.166663,27.4826,164.8999
2.97,0.000561,1.0,0.99944,0.168494,27.7844,164.8988
2.98,0.000567,1.0,0.999434,0.170324,28.086,164.8977
2.99,0.000573,1.0,0.999427,0.172151,28.3871,164.8966
3.0,0.000579,-1.0,-1.000579,0.173577,28.6553,165.0866
3.0100000000000002,0.000576,-1.0,-1.000577,0.171403,28.2966,165.0879
3.02,0.000569,-1.0,-1.000569,0.169232,27.9382,165.0883
3.0300000000000002,0.000561,-1.0,-1.000562,0.167062,27.5801,165.0888
3.04,0.000554,-1.0,-1.000555,0.164895,27.2224,165.0892
3.0500000000000003,0.000547,-1.0,-1.000548,0.16273,26.8651,165.0897
3.06,0.00054,-1.0,-1.00054,0.160567,26.5081,165.0901
3.0700000000000003,0.000532,-1.0,-1.000533,0.158407,26.1515,165.0906
3.08,0.000525,-1.0,-1.000526,0.156248,25.7952,165.091
3.09,0.000518,-1.0,-1.000519,0.154092,25.4393,165.0915
3.1,0.000511,-1.0,-1.000512,0.151938,25.0837,165.0918
3.11,0.000504,-1.0,-1.000504,0.149786,24.7282,165.0905
3.12,0.000496,-1.0,-1.000497,0.147636,24.3731,165.0892
3.13,0.000489,-1.0,-1.00049,0.145488,24.0183,165.0879
3.14,0.000482,-1.0,-1.000483,0.143343,23.664,165.0866
3.15,0.000475,-1.0,-1.000476,0.141199,23.3099,165.0853
3.16,0.000468,-1.0,-1.000468,0.139058,22.9563,165.084
3.17,0.000461,-1.0,-1.000461,0.136919,22.603,165.0827
3.18,0.000453,-1.0,-1.000454,0.134782,22.2501,165.0814
3.19,0.000446,-1.0,-1.000447,0.132648,21.8975,165.0801
3.2,0.000439,-1.0,-1.00044,0.130515,21.5453,165.0788
3.21,0.000432,-1.0,-1.000433,0.128385,21.1934,165.0776
3.22,0.000425,-1.0,-1.000426,0.126256,20.8419,165.0763
3.23,0.000418,-1.0,-1.000418,0.12413,20.4908,165.075
3.24,0.000411,-1.0,-1.000411,0.122006,20.14,165.0737
3.25,0.000403,-1.0,-1.000404,0.119884,19.7896,165.0724
3.2600000000000002,0.000396,-1.0,-1.000397,0.117765,19.4395,165.0712
3.27,0.000389,-1.0,-1.00039,0.115647,19.0898,165.0699
3.2800000000000002,0.000382,-1.0,-1.000383,0.113532,18.7405,165.0686
3.29,0.000375,-1.0,-1.000376,0.111418,18.3915,165.0673
3.3000000000000003,0.000368,-1.0,-1.000369,0.109307,18.0429,165.0661
3.31,0.000361,-1.0,-1.000362,0.107198,17.6946,165.0648
3.3200000000000003,0.000354,-1.0,-1.000355,0.105091,17.3467,165.0635
3.33,0.000347,-1.0,-1.000348,0.102986,16.9991,165.0623
3.34,0.00034,-1.0,-1.000341,0.100883,16.6519,165.061
3.35,0.000333,-1.0,-1.000334,0.098783,16.305,165.0597
3.36,0.000326,-1.0,-1.000327,0.096684,15.9585,165.0585
3.37,0.000319,-1.0,-1.000319,0.094588,15.6124,165.0572
3.38,0.000312,-1.0,-1.000312,0.092494,15.2666,165.0559
3.39,0.000305,-1.0,-1.000305,0.090401,14.9212,165.0547
3.4,0.000298,-1.0,-1.000298,0.088311,14.5761,165.0534
3.41,0.000291,-1.0,-1.000292,0.086223,14.2314,165.0521
3.42,0.000284,-1.0,-1.000285,0.084138,13.887,165.0509
3.43,0.000277,-1.0,-1.000278,0.082054,13.5429,165.0496
3.44,0.00027,-1.0,-1.000271,0.079972,13.1993,165.0484
3.45,0.000263,-1.0,-1.000264,0.077893,12.8559,165.0471
3.46,0.000256,-1.0,-1.000257,0.075815,12.513,165.0459
3.47,0.000249,-1.0,-1.00025,0.07374,12.1703,165.0446
3.48,0.000242,-1.0,-1.000243,0.071666,11.8281,165.0434
3.49,0.000235,-1.0,-1.000236,0.069595,11.4861,165.0421
3.5,0.000228,-1.0,-1.000229,0.067526,11.1446,165.0409
3.5100000000000002,0.000221,-1.0,-1.000222,0.065459,10.8033,165.0396
3.52,0.000214,-1.0,-1.000215,0.063394,10.4624,165.0384
3.5300000000000002,0.000207,-1.0,-1.000208,0.061331,10.1219,165.0371
3.54,0.000201,-1.0,-1.000201,0.05927,9.7817,165.0359
3.5500000000000003,0.000194,-1.0,-1.000194,0.057212,9.4419,165.0347
3.56,0.000187,-1.0,-1.000188,0.055155,9.1024,165.0334
3.5700000000000003,0.00018,-1.0,-1.000181,0.0531,8.7633,165.0322
3.58,0.000173,-1.0,-1.000174,0.051048,8.4245,165.0309
3.59,0.000166,-1.0,-1.000167,0.048997,8.086,165.0297
3.6,0.000159,-1.0,-1.00016,0.046949,7.7479,165.0285
3.61,0.000153,-1.0,-1.000153,0.044903,7.4101,165.0272
3.62,0.000146,-1.0,-1.000146,0.042858,7.0727,165.026
3.63,0.000139,-1.0,-1.00014,0.040816,6.7357,165.0248
3.64,0.000132,-1.0,-1.000133,0.038776,6.3989,165.0236
3.65,0.000125,-1.0,-1.000126,0.036738,6.0626,165.0223
3.66,0.000118,-1.0,-1.000119,0.034702,5.7265,165.0211
3.67,0.000112,-1.0,-1.000112,0.032668,5.3908,165.0199
3.68,0.000105,-1.0,-1.000105,0.030636,5.0555,165.0186
3.69,9.8e-05,-1.0,-1.000099,0.028606,4.7205,165.0174
3.7,9.1e-05,-1.0,-1.000092,0.026578,4.3858,165.0162
3.71,8.4e-05,-1.0,-1.000085,0.024552,4.0515,165.015
3.72,7.8e-05,-1.0,-1.000078,0.022528,3.7175,165.0138
3.73,7.1e-05,-1.0,-1.000072,0.020506,3.3838,165.0125
3.74,6.4e-05,-1.0,-1.000065,0.018487,3.0505,165.0113
3.75,5.7e-05,-1.0,-1.000058,0.016469,2.7176,165.0101
3.7600000000000002,5.1e-05,-1.0,-1.000051,0.014453,2.3849,165.0089
3.77,4.4e-05,-1.0,-1.000045,0.01244,2.0527,165.0077
3.7800000000000002,3.7e-05,-1.0,-1.000038,0.010428,1.7207,165.0065
3.79,3e-05,-1.0,-1.000031,0.008419,1.3891,165.0053
3.8000000000000003,2.4e-05,-1.0,-1.000024,0.006411,1.0578,165.0041
3.81,1.7e-05,-1.0,-1.000018,0.004405,0.7269,165.0028
3.8200000000000003,1e-05,-1.0,-1.000011,0.002402,0.3963,165.0016
3.83,4e-06,-1.0,-1.000004,0.0004,0.0661,165.0004
3.84,-3e-06,-1.0,-0.999998,-0.001599,-0.2639,164.9992
3.85,-1e-05,-1.0,-0.999991,-0.003597,-0.5934,164.998
3.86,-1.6e-05,-1.0,-0.999984,-0.005592,-0.9227,164.9968
3.87,-2.3e-05,-1.0,-0.999978,-0.007586,-1.2516,164.9956
3.88,-3e-05,-1.0,-0.999971,-0.009577,-1.5802,164.9944
3.89,-3.6e-05,-1.0,-0.999964,-0.011566,-1.9084,164.9932
3.9,-4.3e-05,-1.0,-0.999958,-0.013554,-2.2363,164.992
3.91,-5e-05,-1.0,-0.999951,-0.015539,-2.5639,164.9908
3.92,-5.6e-05,-1.0,-0.999944,-0.017523,-2.8911,164.9896
3.93,-6.3e-05,-1.0,-0.999938,-0.019504,-3.218,164.9884
3.94,-7e-05,-1.0,-0.999931,-0.021484,-3.5446,164.9872
3.95,-7.6e-05,-1.0,-0.999925,-0.023461,-3.8708,164.9861
3.96,-8.3e-05,-1.0,-0.999918,-0.025437,-4.1967,164.9849
3.97,-8.9e-05,-1.0,-0.999911,-0.02741,-4.5223,164.9837
3.98,-9.6e-05,-1.0,-0.999905,-0.029382,-4.8475,164.9825
3.99,-0.000103,-1.0,-0.999898,-0.031351,-5.1724,164.9813
4.0,-0.000109,1.0,1.000108,-0.032919,-5.4321,165.0159
4.01,-0.000106,1.0,1.000106,-0.030887,-5.0968,165.0158
4.0200000000000005,-9.9e-05,1.0,1.0001,-0.028856,-4.7618,165.0149
4.03,-9.2e-05,1.0,1.000093,-0.026828,-4.4271,165.014
4.04,-8.5e-05,1.0,1.000086,-0.024802,-4.0927,165.0132
4.05,-7.9e-05,1.0,1.000079,-0.022778,-3.7587,165.0123
4.0600000000000005,-7.2e-05,1.0,1.000072,-0.020756,-3.425,165.0114
4.07,-6.5e-05,1.0,1.000066,-0.018736,-3.0917,165.0105
4.08,-5.8e-05,1.0,1.000059,-0.016718,-2.7587,165.0096
4.09,-5.1e-05,1.0,1.000052,-0.014702,-2.426,165.0087
4.1,-4.5e-05,1.0,1.000045,-0.012688,-2.0937,165.0078
4.11,-3.8e-05,1.0,1.000039,-0.010677,-1.7617,165.0066
4.12,-3.1e-05,1.0,1.000032,-0.008667,-1.4301,165.0054
4.13,-2.5e-05,1.0,1.000025,-0.006659,-1.0987,165.0042
4.14,-1.8e-05,1.0,1.000019,-0.004653,-0.7678,165.003
4.15,-1.1e-05,1.0,1.000012,-0.002649,-0.4371,165.0018
4.16,-4e-06,1.0,1.000005,-0.000648,-0.1068,165.0006
4.17,2e-06,1.0,0.999998,0.001352,0.2231,164.9994
4.18,9e-06,1.0,0.999992,0.00335,0.5527,164.9982
4.19,1.6e-05,1.0,0.999985,0.005346,0.882,164.997
4.2,2.2e-05,1.0,0.999978,0.007339,1.211,164.9958
4.21,2.9e-05,1.0,0.999972,0.009331,1.5396,164.9946
4.22,3.6e-05,1.0,0.999965,0.011321,1.8679,164.9934
4.23,4.2e-05,1.0,0.999958,0.013308,2.1958,164.9922
4.24,4.9e-05,1.0,0.999952,0.015294,2.5234,164.991
4.25,5.5e-05,1.0,0.999945,0.017278,2.8507,164.9898
4.26,6.2e-05,1.0,0.999939,0.01926,3.1776,164.9886
4.2700000000000005,6.9e-05,1.0,0.999932,0.021239,3.5042,164.9874
4.28,7.5e-05,1.0,0.999925,0.023217,3.8305,164.9862
4.29,8.2e-05,1.0,0.999919,0.025193,4.1564,164.985
4.3,8.9e-05,1.0,0.999912,0.027167,4.482,164.9838
4.3100000000000005,9.5e-05,1.0,0.999906,0.029138,4.8073,164.9826
4.32,0.000102,1.0,0.999899,0.031108,5.1323,164.9815
4.33,0.000108,1.0,0.999892,0.033076,5.4569,164.9803
4.34,0.000115,1.0,0.999886,0.035042,5.7812,164.9791
4.3500000000000005,0.000121,1.0,0.999879,0.037006,6.1051,164.9779
4.36,0.000128,1.0,0.999873,0.038967,6.4287,164.9767
4.37,0.000135,1.0,0.999866,0.040927,6.752,164.9755
4.38,0.000141,1.0,0.99986,0.042885,7.075,164.9744
4.39,0.000148,1.0,0.999853,0.044841,7.3976,164.9732
4.4,0.000154,1.0,0.999846,0.046795,7.7199,164.972
4.41,0.000161,1.0,0.99984,0.048747,8.0419,164.9708
4.42,0.000167,1.0,0.999833,0.050697,8.3635,164.9697
4.43,0.000174,1.0,0.999827,0.052645,8.6848,164.9685
4.44,0.00018,1.0,0.99982,0.054591,9.0058,164.9673
4.45,0.000187,1.0,0.999814,0.056536,9.3265,164.9661
4.46,0.000193,1.0,0.999807,0.058478,9.6468,164.965
4.47,0.0002,1.0,0.999801,0.060418,9.9668,164.9638
4.48,0.000206,1.0,0.999794,0.062356,10.2865,164.9626
4.49,0.000213,1.0,0.999788,0.064293,10.6058,164.9615
4.5,0.000219,1.0,0.999781,0.066227,10.9248,164.9603
4.51,0.000226,1.0,0.999775,0.06816,11.2435,164.9591
4.5200000000000005,0.000232,1.0,0.999769,0.07009,11.5619,164.958
4.53,0.000239,1.0,0.999762,0.072019,11.88,164.9568
4.54,0.000245,1.0,0.999756,0.073945,12.1977,164.9557
4.55,0.000251,1.0,0.999749,0.07587,12.5151,164.9545
4.5600000000000005,0.000258,1.0,0.999743,0.077793,12.8322,164.9533
4.57,0.000264,1.0,0.999736,0.079714,13.1489,164.9522
4.58,0.000271,1.0,0.99973,0.081632,13.4654,164.951
4.59,0.000277,1.0,0.999724,0.083549,13.7815,164.9499
4.6000000000000005,0.000283,1.0,0.999717,0.085464,14.0973,164.9487
4.61,0.00029,1.0,0.999711,0.087378,14.4127,164.9476
4.62,0.000296,1.0,0.999704,0.089289,14.7279,164.9464
4.63,0.000303,1.0,0.999698,0.091198,15.0427,164.9453
4.64,0.000309,1.0,0.999692,0.093105,15.3572,164.9441
4.65,0.000315,1.0,0.999685,0.095011,15.6714,164.943
4.66,0.000322,1.0,0.999679,0.096914,15.9852,164.9418
4.67,0.000328,1.0,0.999673,0.098816,16.2987,164.9407
4.68,0.000334,1.0,0.999666,0.100715,16.612,164.9395
4.69,0.000341,1.0,0.99966,0.102613,16.9249,164.9384
4.7,0.000347,1.0,0.999654,0.104509,17.2374,164.9373
4.71,0.000353,1.0,0.999647,0.106403,17.5497,164.9361
4.72,0.00036,1.0,0.999641,0.108295,17.8616,164.935
4.73,0.000366,1.0,0.999635,0.110185,18.1733,164.9338
4.74,0.000372,1.0,0.999628,0.112073,18.4846,164.9327
4.75,0.000379,1.0,0.999622,0.11396,18.7956,164.9316
4.76,0.000385,1.0,0.999616,0.115844,19.1062,164.9304
4.7700000000000005,0.000391,1.0,0.999609,0.117727,19.4166,164.9293
4.78,0.000398,1.0,0.999603,0.119607,19.7266,164.9282
4.79,0.000404,1.0,0.999597,0.121486,20.0363,164.927
4.8,0.00041,1.0,0.999591,0.123363,20.3457,164.9259
4.8100000000000005,0.000416,1.0,0.999584,0.125238,20.6548,164.9248
4.82,0.000423,1.0,0.999578,0.127111,20.9636,164.9237
4.83,0.000429,1.0,0.999572,0.128982,21.2721,164.9225
4.84,0.000435,1.0,0.999565,0.130851,21.5802,164.9214
4.8500000000000005,0.000441,1.0,0.999559,0.132719,21.888,164.9203
4.86,0.000448,1.0,0.999553,0.134584,22.1956,164.9192
4.87,0.000454,1.0,0.999547,0.136448,22.5028,164.918
4.88,0.00046,1.0,0.999541,0.13831,22.8096,164.9169
4.89,0.000466,1.0,0.999534,0.14017,23.1162,164.9158
4.9,0.000472,1.0,0.999528,0.142028,23.4225,164.9147
4.91,0.000479,1.0,0.999522,0.143884,23.7284,164.9136
4.92,0.000485,1.0,0.999516,0.145738,24.0341,164.9125
4.93,0.000491,1.0,0.99951,0.147591,24.3394,164.9113
4.94,0.000497,1.0,0.999503,0.149441,24.6444,164.9102
4.95,0.000503,1.0,0.999497,0.15129,24.9491,164.9091
4.96,0.00051,1.0,0.999491,0.153137,25.2535,164.908
4.97,0.000516,1.0,0.999485,0.154982,25.5576,164.9069
4.98,0.000522,1.0,0.999479,0.156825,25.8614,164.9058
4.99,0.000528,1.0,0.999473,0.158667,26.1648,164.9047
